100
4 2
5 2
6 2
1000 1000
1000 1
1000 999
1000 488
500 255
694 643
603 553
500 499
714 643
500 94
1000 512
357 350
999 255
1000 511
710 578
624 484
999 1
999 256
999 483
500 116
500 248
999 499
1000 256
1000 127
801 725
304 265
380 364
352 322
3 2
356 282
999 498
2 2
424 347
999 128
1 1
690 648
956 813
816 625
600 485
813 775
1000 498
850 721
1000 255
465 353
509 499
894 855
999 487
500 246
500 245
999 998
999 999
857 741
573 470
999 511
999 512
5 1
1000 501
319 245
500 1
363 284
662 584
999 488
622 480
828 823
4 1
863 850
500 256
626 507
1000 295
999 497
500 249
1000 2
707 646
500 500
500 2
778 714
486 429
789 620
500 211
898 746
500 117
350 341
745 564
1000 499
999 127
1000 500
500 244
500 250
999 2
1000 128
500 128
597 503
500 127
3 1
2 1
1000 489
258 237
