100
4 2
5 2
6 2
1000 1000
1000 1
1000 511
4 1
1000 499
1000 500
999 511
1000 256
352 311
999 498
999 487
575 559
743 647
500 2
1000 488
1000 128
500 1
985 758
999 128
270 255
999 512
929 859
794 700
472 471
298 244
999 1
489 435
1000 127
999 488
345 280
1 1
618 463
3 1
500 251
812 665
1000 405
741 619
999 429
500 248
670 644
999 2
899 809
5 1
500 249
623 554
1000 255
999 497
410 398
1000 489
1000 999
811 765
420 349
862 773
839 825
372 294
500 256
702 642
500 255
500 128
838 826
767 596
500 82
569 469
527 424
380 302
500 499
500 244
1000 498
980 811
941 779
827 758
838 742
2 1
500 116
999 999
1000 512
1000 2
3 2
500 127
887 785
2 2
930 793
999 127
367 304
387 319
500 117
500 245
500 250
999 256
999 499
999 255
486 482
800 610
500 225
999 998
525 410
500 500
